HERO: Hero_Comparison_Table
SOURCE: https://deadlock.wiki/Hero_Comparison_Table
============================================================

## SECTION: Overview
Below is a table comparing all currently playable Heroes by their stats.
Use the inputs above the table to adjust Spirit Power and Boons and see how stats scale in real-time.
Hero | DPS | Sustained DPS | Bullet Damage | Bullets per sec | Fire Rate (%) | Ammo | Reload Time (s) | Reload Delay (s) | Bullets Per Shot | Bullets Per Burst | Time Between Bursted Bullets (s) | Light Melee | Heavy Melee | Reload Single | Bullet Velocity (m/s) | Bullet Gravity Scale | Falloff Start Range | Falloff End Range | Bonus Attack Range (m) | Crit Bonus Scale | Rounds Per Second At Max Spin | Spin Acceleration | Spin Deceleration | Max Health | Health Regen | Bullet Resist (%) | Spirit Resist (%) | Melee Resist (%) | Bullet Lifesteal (%) | Crit Reduction | Move Speed (m/s) | Sprint Speed (m) | Stamina Cooldown (s) | Stamina | Dash Speed (m) | Spirit Power
Abrams | 51.4 +1.43 | 30.5 +0.848 | 3.6 +0.1 | 1.59 | 0 | 9 | 0.353 | 0.705 | 9 | 1 | 0 | 50 +1.74 | 116 +4.03 | true | 610 | 0.8 | 17 | 40 | 0 | 0 | 0 | 0 | 0 | 800 +52 | 1.5 | 0 | 0 | 0 | 0 | 0 | 6.4 | 1.6 | 4.5 | 3 | 14.3 | 0 +1.1
Apollo | 48.7 +2.17 | 33.8 +1.51 | 18.5 +0.825 | 2.63 | 0 | 15 | 2.5 | 0 | 1 | 1 | 0 | 63 +1.58 | 116 +2.91 | false | 127 | 0 | 25.4 | 25.4 | 0 | 0 | 0 | 0 | 0 | 770 +47 | 1 | 0 | 0 | 0 | 0 | 0 | 7.2 | 1.6 | 4.5 | 3 | 14.7 | 0 +1.1
Bebop | 59.3 +1.37 | 41.6 +0.962 | 4.98 +0.115 | 11.9 | 0 | 66 | 2.35 | 0 | 1 | 1 | 0 | 63 +1.58 | 116 +2.91 | false | 508 | 0.8 | 20 | 50.8 | 0 +1.5 | 0 | 0 | 0 | 0 | 880 +55 | 2.5 | 0 +0.3 | 0 | 0 | 0 | 0 | 6.45 | 4 | 5.5 | 3 | 14.3 | 0 +1.1
Billy | 74.1 +1.67 | 34.7 +0.782 | 6.3 +0.142 | 11.8 | 0 | 30 | 2.9 | 0 | 1 | 1 | 0 | 50 +1.58 | 116 +3.67 | false | 513 | 0 | 14 | 31.8 | 0 | -20 | 0 | 0 | 0 | 820 +56 | 2.5 | 0 | 0 | 0 | 0 | 0 | 7 | 1.6 | 4.5 | 3 | 14.7 | 0 +1.1
Calico | 78.9 +1.84 | 38.8 +0.907 | 1.84 +0.043 | 4.76 | 0 | 12 | 2.6 | 0 | 9 | 1 | 0 | 63 +1.58 | 116 +2.91 | false | 318 | 0 | 20 | 57.5 | 0 | 0 | 0 | 0 | 0 | 730 +39 | 2 | 0 | 0 | 0 | 0 | 0 | 6.8 | 1.6 | 4.5 | 3 | 16.1 | 0 +1.1
Celeste | 31 +1.41 | 21.7 +0.988 | 18 +0.82 | 1.72 | 0 | 8 | 2 | 0 | 1 | 1 | 0 | 50 +1.58 | 116 +3.67 | false | 50 | 0.2 | 22 | 60 | 0 | -25 | 0 | 0 | 0 | 690 +35 | 1 | 0 | 0 | 0 | 0 | 0 | 6.2 | 1.6 | 5 | 4 | 16.1 | 0 +1.1
The Doorman | 46.4 +1.75 | 31.5 +1.18 | 29.3 +1.1 | 1.59 | 0 | 8 | 2.4 | 0 | 1 | 1 | 0.05 | 50 +1.58 | 116 +3.67 | false | 203 | 0 | 20 | 57.5 | 0 | -25 | 0 | 0 | 0 | 755 +44 | 1 | 0 | 0 | 0 | 0 | 0 | 7.9 | 1.6 | 4.5 | 3 | 16.1 | 0 +1.1
Drifter | 44.2 +1.4 | 30.2 +0.956 | 19.5 +0.616 | 2.27 | 0 | 12 | 2.44 | 0 | 3 | 1 | 0 | 51.5 +1.58 | 120 +3.68 | false | 508 | 0 | 22 | 27 | 0 | -45 | 0 | 0 | 0 | 755 +41 | 3.5 | 0 | 0 | 0 | 0 | 0 | 6.9 | 1.6 | 4.5 | 3 | 14.7 | 0 +1.1
Dynamo | 48 +1.9 | 33.2 +1.32 | 12.6 +0.5 | 3.81 | 0 | 20 | 2.35 | 0 | 1 | 1 | 0 | 50 +1.58 | 116 +3.67 | false | 320 | 0.8 | 20 | 57.5 | 0 | 0 | 0 | 0 | 0 | 880 +64 | 1.75 | 0 +0.625 | 0 | 0 | 0 | 0 | 6.7 | 1.6 | 4.5 | 3 | 14.3 | 0 +1.1
Graves | 35.3 +0.529 | 20.9 +0.314 | 3.6 +0.054 | 9.8 | 0 | 40 | 2.8 | 0 | 1 | 1 | 0 | 50 +1.58 | 116 +3.67 | false | 635 | 0 | 7.62 | 17 | 0 | 0 | 0 | 0 | 0 | 730 +35 | 1 | 0 | 0 | 0 | 8 | 0 | 7 | 2.2 | 4.5 | 2 | 14.7 | 0 +1.1
Grey Talon | 40.7 x0.139 +1.73 | 32.8 x0.112 +1.4 | 23.5 x0.08 +1 | 1.73 | 0 | 17 | 2.35 | 0 | 1 | 1 | 0 | 50 +1.58 | 116 +3.67 | false | 495 | 0.8 | 18 | 54 | 0 | 0 | 0 | 0 | 0 | 780 +40 | 1.5 | 0 | 0 | 0 | 0 | 0 | 6.3 x0.0084 | 1.6 | 4.5 | 4 | 16.1 | 0 +1.6
Haze | 50.1 +1.36 | 26.4 x0.247 +0.719 | 5.26 +0.143 | 9.52 | 0 | 25 x0.5 | 2.35 | 0 | 1 | 1 | 0 | 50 +1.58 | 116 +3.67 | false | 762 | 1.5 | 20 | 46 | 0 | 0 | 0 | 0 | 0 | 730 +35 | 2 | 0 | 0 | 0 | 0 | 0 | 8.2 | 1.6 | 4.5 | 3 | 16.1 | 0 +0.5
Holliday | 41.7 +2.42 | 26.4 +1.53 | 19.7 +1.14 | 2.12 | 0 | 10 | 2.75 | 0 | 1 | 1 | 0 | 50 +1.58 | 116 +3.67 | false | 1160 | 0 | 20 | 57.5 | 0 | 0 | 0 | 0 | 0 | 780 +43 | 2 | 0 | 0 | 0 | 0 | 0 | 8.2 | 1.6 | 4.5 | 2 | 16.1 | 0 +1.1
Infernus | 52.4 +0.838 | 29.2 +0.467 | 5.5 +0.088 | 9.52 | 0 | 27 | 2.25 | 0 | 1 | 1 | 0 | 50 +1.58 | 116 +3.67 | false | 660 | 0.8 | 18 | 55 | 0 | 0 | 0 | 0 | 0 | 830 +41 | 2 | 0 | 0 | 0 | 0 | 0 | 6.7 | 1.6 | 4.5 | 3 | 14.7 | 0 +1.1
Ivy | 60.5 +1.09 | 30.2 +0.542 | 4.45 +0.08 | 13.6 | 0 | 33 | 2.44 | 0 | 1 | 1 | 0 | 50 +1.58 | 116 +3.67 | false | 572 | 0.8 | 20 | 57.5 | 0 | 0 | 0 | 0 | 0 | 755 +47 | 2 | 0 | 0 | 0 | 0 | 0 | 7.2 | 1.6 | 4.5 | 4 | 16.1 | 0 +1.2
Kelvin | 70.9 +1.59 | 41.6 +0.935 | 18.6 +0.418 | 3.81 | 0 | 14 | 2.59 | 0 | 1 | 1 | 0 | 50 +1.58 | 116 +3.67 | false | 160 | 0.3 | 20 | 57.5 | 0 | -25 | 0 | 0 | 0 | 880 +63 | 1 | 0 | 0 +0.625 | 0 | 0 | 0 | 6.7 | 1.1 | 5.5 | 3 | 14.3 | 0 +1.3
Lady Geist | 43.8 +2.12 | 27.2 +1.32 | 20.7 +1 | 2.12 | 0 | 9 | 2.59 | 0 | 1 | 1 | 0 | 50 +1.58 | 116 +3.67 | false | 828 | 0.8 | 17 | 48 | 0 | 0 | 0 | 0 | 0 | 880 +54 | 1 | 0 | 0 | 0 | 0 | 0 | 6.3 | 2.4 | 4.5 | 3 | 14.3 | 0 +1.1
Lash | 49.3 +1.81 | 33.5 +1.23 | 8.46 +0.31 | 5.83 | 0 | 29 | 2.35 | 0 | 1 | 3 | 0.084 | 50 +1.58 | 116 +3.67 | false | 635 | 0.8 | 20 | 57.5 | 0 | 0 | 0 | 0 | 0 | 780 +53 | 2 | 0 | 10 | 0 | 0 | 0 | 7.2 | 2.1 | 4.5 | 3 | 14.7 | 0 +1.1
McGinnis | 76.2 +2.14 | 47.8 +1.34 | 6.4 +0.18 | 4.76 | 0 | 66 | 3.29 | 0 | 1 | 1 | 0 | 50 +1.58 | 116 +3.67 | false | 650 | 0.8 | 20 | 57.5 | 0 | 0 | 11.9 | 0.5 | 0.25 | 780 +55 | 2 | 0 | 0 +0.625 | 0 | 0 | 0 | 6.7 | 1.6 | 4.5 | 2 | 14.7 | 0 +1.1
Mina | 29 +1.09 | 18.6 +0.699 | 7.31 +0.275 | 3.97 | 0 | 12 | 1.7 | 0 | 1 | 1 | 0 | 50 +1.58 | 116 +3.67 | false | 762 | 0 | 20 | 46 | 0 | 0 | 0 | 0 | 0 | 660 +28 | 2 | 0 | 0 | 0 | 0 | 0 | 6.5 | 1.6 | 4.2 | 2 | 16.1 | 0 +1.1
Mirage | 40.3 +0.816 | 27.9 +0.566 | 14.8 +0.3 | 2.72 | 0 | 16 | 2.6 | 0 | 1 | 1 | 0 | 50 +1.58 | 116 +3.67 | false | 828 | 0.8 | 20 | 57.5 | 0 | 0 | 0 | 0 | 0 | 730 +47 | 1.5 | 0 | 0 | 0 | 0 | 0 | 7 | 1.6 | 4.5 | 3 | 14.7 | 0 +1.1
Mo & Krill | 59.7 +1.79 | 34.2 +1.03 | 2.82 +0.0847 | 5.29 | 0 | 20 | 2.82 | 0 | 4 | 1 | 0 | 50 +1.58 | 116 +3.67 | false | 320 | 0.8 | 20 | 57.5 | 0 | 0 | 0 | 0 | 0 | 930 +68 | 1 | 0 | 0 | 0 | 0 | 20 | 8 | 1.6 | 4.5 | 3 | 14.3 | 0 +1.1
Paige | 70 +1.04 | 51.6 +0.766 | 35 +0.52 | 2 | 0 | 14 | 2.5 | 0 | 1 | 1 | 0.1 | 42 +1.2 | 120 x0.3 +3.43 | false | 43.4 | 0 | 20 | 57.5 | 0 | 0 | 0 | 0 | 0 | 680 +29 | 2 | 0 | 0 | 0 | 0 | 0 | 6.9 | 3.5 | 4.5 | 3 | 14.3 | 0 +1.1
Paradox | 51.4 +1.97 | 34.5 +1.32 | 6.8 +0.26 | 7.56 | 0 | 40 | 2.59 | 0 | 1 | 5 | 0.0735 | 50 +1.58 | 116 +3.67 | false | 525 | 0.1 | 20 | 57.5 | 0 | 0 | 0 | 0 | 0 | 730 +48 | 1 | 0 | 0 | 0 | 0 | 0 | 6.7 | 1.6 | 4.5 | 3 | 16.1 | 0 +1.1
Pocket | 57.1 +2.67 | 38.3 +1.79 | 4.28 +0.2 | 1.9 | 0 | 11 | 2.82 | 0 | 7 | 1 | 0 | 60 +1.58 | 116 +3.05 | false | 559 | 0.8 | 16 | 45.7 | 0 | 0 | 0 | 0 | 0 | 780 +38 | 1 | 0 | -15 | 0 | 0 | 0 | 7.2 | 1.6 | 4.5 | 3 | 14.7 | 0 +1.1
Rem | 61.5 +1.31 | 38.7 +0.822 | 16 +0.34 | 3.85 | 0 | 13 | 2 | 0 | 1 | 1 | 0 | 58 +1.58 | 116 +3.16 | false | 160 | 0.8 | 20 | 57.5 | 0 | -20 | 0 | 0 | 0 | 680 +29 | 2 | 0 | 0 | -5 | 0 | 10 | 7.2 | 4 | 4.5 | 3 | 14.7 | 0 +1.1
Seven | 63 +1.97 | 42.8 +1.33 | 10.8 +0.337 | 5.83 | 0 | 29 | 2.35 | 0 | 1 | 3 | 0.084 | 50 +1.58 | 116 +3.67 | false | 635 | 0.8 | 20 | 57.5 | 0 | 0 | 0 | 0 | 0 | 730 +43 | 1 | 0 | 0 | 0 | 0 | 55 | 6.7 | 1.8 | 4.5 | 3 | 14.7 | 0 +1.1
Shiv | 52.2 +1.8 | 34.6 +1.19 | 4.8 +0.165 | 1.81 | 0 | 10 | 2.8 | 0 | 6 | 1 | 0 | 50 +1.58 | 116 +3.67 | false | 610 | 0.8 | 19.8 | 41.2 | 0 | 0 | 0 | 0 | 0 | 830 +48 | 2 | 0 | 0 | 0 | 0 | 0 | 6.5 | 1.6 | 5.5 | 3 | 14.3 | 0 +1.1
Silver | 42 +0.964 | 29.2 +0.671 | 5.1 +0.117 | 1.18 | 0 | 7 | 0.3 | 0.5 | 7 | 1 | 0 | 50 +1.58 | 116 +3.67 | true | 813 | 0 | 20 | 45.7 | 0 | 0 | 0 | 0 | 0 | 830 +29 | 2.5 | 0 | 0 | 0 | 0 | 0 | 6.7 | 1.5 | 4.5 | 2 | 14.7 | 0 +1.1
Silver (Transformed) | 50 +1.55 | 50 +1.55 | 25 +0.774 | 2 | 0 | 0 | 1.5 | 0 | 1 | 1 | 0 | 50 +1.58 | 116 +3.67 | false | 254 | 0 | 20 | 57.5 | 0 | 0 | 0 | 0 | 0 | 830 +29 | 2.5 | 0 | 0 | 0 | 0 | 0 | 6.7 | 1.5 | 4.5 | 2 | 14.7 | 0 +1.1
Sinclair | 48.3 +1.5 | 33.9 +1.05 | 17.8 +0.55 | 2.72 | 0 | 16 | 2.5 | 0 | 1 | 2 | 0.105 | 50 +1.58 | 116 +3.67 | false | 300 | 0 | 25.4 | 61 | 0 | 0 | 0 | 0 | 0 | 730 +40 | 2 | 0 | 0 | 0 | 0 | 0 | 7.2 x0.0138 | 1.6 | 4.5 | 3 | 14.7 | 0 +1.3
Venator | 63.5 +2.14 | 37.9 +1.28 | 8 +0.27 | 7.94 | 0 | 33 | 2.8 | 0 | 1 | 1 | 0 | 50 +1.7 | 125 +4.25 | false | 1590 | 0 | 20 | 50.8 | 0 | 0 | 0 | 0 | 0 | 820 +45 | 2 | 0 x0.122 | 0 x0.122 | 0 | 0 | 0 | 6.4 | 1.5 | 4.5 | 3 | 14.3 | 0 +1.1
Victor | 70.2 +1.52 | 44.3 +0.959 | 12 +0.26 | 5.05 | 0 | 24 | 2.4 | 0 | 1 | 1 | 0 | 50 +1.58 | 116 +3.67 | false | 203 | 0 | 20 | 57.5 | 0 | 0 | 5.85 | 0.6 | 1 | 800 +36 | 1.5 x0.08 | 0 | 0 | 0 | 0 | 0 | 6.3 | 1.1 | 4.5 | 3 | 14.3 | 0 +1.1
Vindicta | 53.4 x0.0952 +2.14 | 32.1 x0.0572 +1.29 | 12.3 x0.022 +0.495 | 4.33 | 0 | 19 | 2.91 | 0 | 1 | 1 | 0 | 50 +1.58 | 116 +3.67 | false | 660 | 0.8 | 20 | 64 | 0 | 0 | 0 | 0 | 0 | 755 +29 | 2 | 0 | 0 | 0 | 0 | 0 | 7.9 | 1.6 | 4.5 | 2 | 14.7 | 0 +1.1
Viscous | 49.2 +1.71 | 30.9 +1.07 | 10.3 +0.36 | 4.76 | 0 | 20 | 2.5 | 0 | 1 | 1 | 0 | 63 +1.58 | 116 +2.91 | false | 254 | 0 | 20 | 57.5 | 0 | 0 | 0 | 0 | 0 | 780 +47 | 2 | 0 | 0 | 0 | 0 | 0 | 7.2 | 1.6 | 4.5 | 3 | 14.7 | 0 +1.3
Vyper | 94 +2.54 | 48.1 +1.3 | 6.58 +0.178 | 14.3 | 0 | 24 | 1.6 | 0 | 1 | 1 | 0 | 50 +1.58 | 116 +3.67 | false | 412 | 0 | 15 | 33 | 0 | -30 | 0 | 0 | 0 | 780 +37 | 2 | 0 | 0 | 0 | 0 | 0 | 6.9 x0.0138 | 1.6 | 4.5 | 4 | 14.7 | 0 +1.1
Warden | 66.1 x0.173 +1.3 | 40 x0.0634 +0.784 | 17.3 +0.34 | 3.81 x0.01 | 0 x0.25 | 17 | 2.91 | 0 | 1 | 1 | 0 | 50 +1.58 | 116 +3.67 | false | 290 | 0.25 | 20 | 57.5 | 0 | 0 | 0 | 0 | 0 | 805 +63 | 2 | 0 | 0 | 0 | 0 | 0 | 6.3 | 1.6 | 4.5 | 3 | 14.7 | 0 +1.1
Wraith | 59.7 +1.48 | 37.9 +0.941 | 5.64 +0.14 | 10.6 | 0 | 52 | 2.82 | 0 | 1 | 1 | 0 | 50 +1.58 | 116 +3.67 | false | 572 | 0 | 18 | 52 | 0 | 0 | 0 | 0 | 0 | 730 +37 | 2 | 0 | 0 | 0 | 0 | 0 | 7.2 | 1.6 x0.05 | 4.5 | 3 | 14.7 | 0 +1.1
Yamato | 63.2 +1.83 | 42.6 x0.172 +1.23 | 5.31 +0.154 | 2.38 | 0 | 12 x0.15 | 2.44 | 0 | 5 | 1 | 0 | 55 +1.58 | 128 +3.68 | false | 254 | 0 | 20 | 45.7 | 0 | 0 | 0 | 0 | 0 | 730 +47 | 1 | 0 | 0 | 0 | 0 | 0 | 8.2 | 1.6 | 4.5 | 3 | 14.7 | 0 +1.1
Notes:
- Since Spirit Power scales with Boons (see Spirit Power column), it should also be accounted for when calculating level scaling for Spirit-scaling attributes.
- DPS accounts for Burst weapons (like Paradox and Lash ), and if the weapon has a Spin Up mechanic (like McGinnis ), it is assumed to be fully spun. Bursts that occur right at the 1 second mark may have some inaccuracy due to averaging.
- Sustained DPS also accounts for reload speed, clip size, and the time to empty the clip, and is an average over an infinite time period.
- McGinnis and Victor DPS and Sustained DPS values are at max spin up.
- Silver (Transformed) has no ammo count and no reload.
v • d • e Stats
Weapon | Ammo • Bullet Damage • Bullet Velocity • Damage per second • Falloff Range • Fire Rate • Melee Damage • Melee Distance • Reload Time • Weapon Damage
Vitality | Bullet Evasion • Damage Barrier • Damage Resistance • Debuff Resist • Gravity Scale • Health • Health Regen • Healing • Lifesteal • Movement Slow • Move Speed • Slide Distance • Stamina
Spirit | Ability Cooldown • Ability Duration • Ability Range • Bonus Ability Charges • Imbue • Spirit Damage • Spirit Power
Other | Abilities • Build-Up • Charge-Up • Damage Amplification • Hero Attributes Table • Pure Damage • Scaling • Stack
